-207
-207
-672
-672
-1321
-1321
-2103
-2103
-2983
-2983
-3768
-3768
-4016
-4016
-3192
-3192
-883
-883
3188
3188
9304
9304
17786
17786
28821
28821
42325
42325
58040
58040
75721
75721
95150
95150
115961
115961
-124603
-124603
-102974
-102974
-81961
-81961
-62196
-62196
-44432
-44432
-29534
-29534
-18263
-18263
-11097
-11097
-8292
-8292
-10040
-10040
-16457
-16457
-27432
-27432
-42578
-42578
-61422
-61422
-83779
-83779
-109336
-109336
124594
124594
94336
94336
62519
